#### Cumulative Probability Distribution
# cumulative probability #1
7118.01254371343 0.0
8586.9326746162 9.65018094089264E-4
10055.852805519 0.0126658624849216
11524.7729364217 0.0464414957780458
12993.6930673245 0.0745476477683957
14462.6131982272 0.106151990349819
15931.53332913 0.152352231604343
17400.4534600328 0.212665862484922
18869.3735909355 0.273582629674306
20338.2937218383 0.327141133896261
21807.2138527411 0.373341375150784
23276.1339836438 0.415922798552473
24745.0541145466 0.452472858866104
26213.9742454493 0.484921592279855
27682.8943763521 0.521712907117008
29151.8145072549 0.555609167671894
30620.7346381576 0.587937273823884
32089.6547690604 0.618455971049457
33558.5748999632 0.64692400482509
35027.4950308659 0.672135102533173
36496.4151617687 0.693486127864897
37965.3352926714 0.716284680337756
39434.2554235742 0.737153196622437
40903.175554477 0.754041013268999
42372.0956853797 0.768998793727382
43841.0158162825 0.786972255729795
45309.9359471853 0.803739445114596
46778.856078088 0.81869722557298
48247.7762089908 0.829674306393245
49716.6963398935 0.841737032569361
51185.6164707963 0.855488540410133
52654.5366016991 0.865741857659831
54123.4567326018 0.874547647768396
55592.3768635046 0.881664656212304
57061.2969944074 0.889867310012063
58530.2171253101 0.898311218335344
59999.1372562129 0.905910735826297
61468.0573871156 0.912183353437877
62936.9775180184 0.920627261761158
64405.8976489212 0.926658624849216
65874.8177798239 0.93329312424608
67343.7379107267 0.938962605548854
68812.6580416295 0.944873341375151
70281.5781725322 0.949336550060314
71750.498303435 0.953317249698432
73219.4184343377 0.957780458383595
74688.3385652405 0.961640530759952
76157.2586961433 0.965138721351025
77626.178827046 0.967792521109771
79095.0989579488 0.969722557297949
80564.0190888516 0.972617611580217
82032.9392197543 0.975512665862485
83501.8593506571 0.977683956574186
84970.7794815598 0.979493365500603
86439.6996124626 0.981905910735826
87908.6197433654 0.983474065138721
89377.5398742681 0.985283474065139
90846.4600051709 0.98745476477684
92315.3801360737 0.988902291917973
93784.3002669764 0.990108564535585
95253.2203978792 0.99167671893848
96722.140528782 0.992641737032569
98191.0606596847 0.993244873341375
99659.9807905875 0.994330518697226
101128.90092149 0.994933655006031
102597.821052393 0.995174909529554
104066.741183296 0.995657418576598
105535.661314199 0.996260554885404
107004.581445101 0.996743063932449
108473.501576004 0.99686369119421
109942.421706907 0.997225572979493
111411.34183781 0.997346200241255
112880.261968712 0.997828709288299
114349.182099615 0.998069963811821
115818.102230518 0.998431845597105
117287.022361421 0.99891435464415
118755.942492323 0.999276236429433
120224.862623226 0.999276236429433
121693.782754129 0.999276236429433
123162.702885032 0.999517490952955
124631.623015934 0.999517490952955
126100.543146837 0.999638118214716
127569.46327774 0.999638118214716
129038.383408643 0.999638118214716
130507.303539545 0.999758745476478
131976.223670448 0.999758745476478
133445.143801351 0.999758745476478
134914.063932254 0.999758745476478
136382.984063157 0.999879372738239
137851.904194059 0.999879372738239
139320.824324962 0.999879372738239
140789.744455865 0.999879372738239
142258.664586768 1.0
