#### Cumulative Probability Distribution
# cumulative #1
10723.0246307561 0.0
14255.3167763298 0.0124601564763837
17787.6089219035 0.0431758910460736
21319.9010674772 0.121414082874529
24852.193213051 0.192697768762677
28384.4853586247 0.255867864387134
31916.7775041984 0.324253839466821
35449.0696497721 0.398435236163431
38981.3617953458 0.461315560707041
42513.6539409195 0.521877716603883
46045.9460864932 0.577223993045494
49578.2382320669 0.62474645030426
53110.5303776406 0.668501883512026
56642.8225232143 0.713416401043176
60175.1146687881 0.750796870472327
63707.4068143618 0.777166038829325
67239.6989599355 0.801217038539554
70771.9911055092 0.829324833381629
74304.2832510829 0.851347435525935
77836.5753966566 0.872500724427702
81368.8675422303 0.890756302521008
84901.159687804 0.906114169805853
88433.4518333777 0.919443639524775
91965.7439789514 0.935381048971313
95498.0361245252 0.945812807881773
99030.3282700989 0.955665024630542
102562.620415673 0.962909301651695
106094.912561246 0.970443349753695
109627.20470682 0.975659229208925
113159.496852394 0.980875108664155
116691.788997967 0.984931903796001
120224.081143541 0.987539843523616
123756.373289115 0.990437554332078
127288.665434689 0.991596638655462
130820.957580262 0.993625036221385
134353.249725836 0.994494349463923
137885.54187141 0.996232975949
141417.834016983 0.996812518110693
144950.126162557 0.997681831353231
148482.418308131 0.998261373514923
152014.710453705 0.998261373514923
155547.002599278 0.998551144595769
159079.294744852 0.998551144595769
162611.586890426 0.998840915676615
166143.879035999 0.998840915676615
169676.171181573 0.998840915676615
173208.463327147 0.999420457838308
176740.75547272 0.999420457838308
180273.047618294 0.999420457838308
183805.339763868 0.999420457838308
187337.631909442 0.999420457838308
190869.924055015 0.999710228919154
194402.216200589 0.999710228919154
197934.508346163 0.999710228919154
201466.800491736 0.999710228919154
204999.09263731 0.999710228919154
208531.384782884 0.999710228919154
212063.676928458 0.999710228919154
215595.969074031 0.999710228919154
219128.261219605 1.0
